11 61 11 61 11 61 11 61 19 19 19 19 19 19 19 19 19 19 19 19 19 19 19 19 19 19 19 19 19 19 19 19 19 19 19 19 19 19 19 19 11 61 11 61 11 61 11 13 13 13 11 61 11 61 11 61 11 61 11 61 11 61 11 61 11 61 11 61 11 61 11 61 11 61 11 61 11 61 11 61 11 61 11 61 11 61 11 61 11 61 11 61 11 61 11 61 11 61 11 61
11 61 11 61 11 61 11 61 19 19 19 19 19 19 19 19 19 19 19 19 19 19 19 19 19 19 19 19 19 19 19 19 19 19 19 19 19 19 19 19 11 61 11 61 11 61 11 61 13 13 13 11 61 11 61 11 61 11 61 11 61 11 61 11 61 11 61 11 61 11 61 11 61 11 61 11 61 11 61 11 61 11 61 11 61 11 61 11 61 11 61 11 61 11 61 11 61 11 61 11 
11 61 11 61 11 61 11 61 19 19 19 19 19 19 19 19 19 19 19 19 19 19 19 19 19 19 19 19 19 19 19 19 19 19 19 19 19 19 19 19 11 61 11 61 11 61 11 61 13 13 13 11 61 11 61 11 61 11 61 11 61 11 61 11 61 11 61 11 61 11 61 11 61 11 61 11 61 11 61 11 61 11 61 11 61 11 61 11 61 11 61 11 61 11 61 11 61 11 61 11 
11 61 11 61 11 61 11 61 19 19 19 19 19 19 19 19 19 19 19 19 19 19 19 19 19 19 19 19 19 19 19 19 19 19 19 19 19 19 19 19 11 61 11 61 11 61 11 13 13 13 11 61 11 61 11 61 11 61 11 61 11 61 11 61 11 61 11 61 11 61 11 61 11 61 11 61 11 61 11 61 11 61 11 61 11 61 11 61 11 61 11 61 11 61 11 61 11 61 11 61 
11 61 11 61 11 61 11 61 14 18 18 18 18 18 18 18 18 18 18 18 18 18 18 18 18 18 18 18 18 18 18 18 18 18 18 18 18 18 18 14 11 61 11 61 11 61 13 13 13 11 61 11 61 11 61 11 61 11 61 11 61 11 61 11 61 11 61 11 61 11 61 11 61 11 61 11 61 11 61 11 61 11 61 11 61 11 61 11 61 11 61 11 61 11 61 11 61 11 61 11 
11 61 11 61 11 61 11 61 14 18 12 12 12 12 12 12 12 12 12 12 12 12 12 12 12 12 12 12 12 12 12 12 12 12 12 12 12 18 18 14 11 61 11 61 11 13 13 13 11 61 11 61 11 61 11 61 11 61 11 61 11 61 11 61 11 61 11 61 11 61 11 61 11 61 11 61 11 61 11 61 11 61 11 61 11 61 11 61 11 61 11 61 11 61 11 61 11 61 11 61 
11 61 11 61 11 61 11 61 14 18 12 18 18 18 12 27 28 27 28 27 28 27 28 27 28 27 28 27 28 27 28 27 28 27 28 12 12 18 18 14 11 61 11 61 13 13 13 11 61 11 61 11 61 11 61 11 61 11 61 11 61 11 61 11 61 11 61 11 61 11 61 11 61 11 61 11 61 11 61 11 61 11 61 11 61 11 61 11 61 11 61 11 61 11 61 11 61 11 61 11 
11 61 11 61 11 61 11 61 14 18 12 18 18 18 12 29 30 29 30 29 30 29 30 29 30 29 30 29 30 29 30 29 30 29 30 12 12 18 18 14 11 61 11 13 13 13 11 61 11 61 11 61 11 61 11 61 11 61 11 61 11 61 11 61 11 61 11 61 11 61 11 61 11 61 11 61 11 61 11 61 11 61 11 61 11 61 11 61 11 61 11 61 11 61 11 61 11 61 11 61 
11 61 11 61 11 61 11 61 14 18 12 18 18 18 12 14 15 15 15 15 15 15 15 15 15 15 15 15 15 15 15 15 15 15 14 12 12 18 18 14 11 61 11 13 13 13 11 61 11 61 11 61 11 61 11 61 11 61 11 61 11 61 11 61 11 61 11 61 11 61 11 61 11 61 11 61 11 61 11 61 11 61 11 61 11 61 11 61 11 61 11 61 11 61 11 61 11 61 11 61 
11 61 11 61 11 61 11 61 14 18 12 18 18 18 12 14 15 15 15 15 15 15 15 20 25 21 15 15 15 15 15 15 15 15 14 12 12 18 18 14 11 61 11 13 13 13 11 61 11 61 62 63 62 63 62 63 62 63 62 63 62 63 62 63 62 63 62 63 62 63 62 63 62 63 62 63 62 63 62 63 62 63 62 63 62 63 62 63 62 63 62 61 11 61 11 61 11 61 11 61 
11 61 11 61 11 61 11 61 14 18 12 12 12 12 12 14 15 15 15 15 15 15 15 22 24 23 15 15 15 15 15 15 15 15 14 12 12 18 18 14 11 61 13 13 13 11 61 11 61 11 10 10 10 10 10 10 10 10 10 10 10 10 10 10 10 10 10 10 10 10 10 10 10 10 10 10 10 10 10 10 10 10 10 10 10 10 10 10 10 10 10 11 61 11 61 11 61 11 61 11 
11 61 11 61 11 61 11 61 14 18 12 18 18 18 12 14 15 15 15 15 15 15 15 15 15 15 15 15 15 15 15 15 15 15 14 12 12 18 18 14 11 61 13 13 11 61 11 61 11 61 10 10 56 64 64 64 64 64 64 64 64 64 64 64 64 64 64 64 64 64 64 64 64 64 64 64 64 64 64 64 64 64 64 64 64 64 64 64 64 10 10 11 61 11 61 11 61 11 61 11 
11 61 11 61 11 61 11 61 14 18 12 18 18 18 12 14 15 15 15 15 15 15 15 15 15 15 15 15 15 15 15 15 15 15 14 12 12 18 18 14 11 61 13 13 11 61 11 61 11 61 10 10 56 12 12 12 12 12 12 12 12 12 12 12 12 12 12 12 12 12 12 12 12 12 12 12 12 12 12 12 12 12 12 12 12 12 12 12 57 10 10 11 61 11 61 11 61 11 61 11 
11 61 11 61 11 61 11 61 14 18 12 18 18 18 12 14 15 15 15 15 15 15 15 15 15 15 15 15 15 15 15 15 15 15 14 12 12 18 18 14 11 61 13 13 11 61 11 61 11 61 10 10 56 12 12 65 65 65 65 65 65 65 65 65 65 65 65 65 65 65 65 65 65 65 65 65 65 65 65 65 65 65 65 65 65 65 12 12 57 10 10 11 61 11 61 11 61 11 61 11 
11 61 11 61 11 61 11 61 14 18 12 18 18 18 12 14 14 14 14 14 14 14 14 15 15 15 14 14 14 14 14 14 14 14 14 12 12 18 18 14 11 13 13 11 61 11 61 11 61 11 10 10 56 12 57 10 10 10 10 10 10 10 10 10 10 10 10 10 10 10 10 10 10 10 10 10 10 10 10 10 10 10 10 10 10 10 56 12 57 10 10 11 61 11 61 11 61 11 61 11 
11 61 11 61 11 61 11 61 14 18 12 12 12 12 12 12 12 12 12 12 12 12 12 12 12 12 12 12 12 12 12 12 12 12 12 12 12 18 18 14 11 13 13 11 61 11 61 11 61 11 10 10 56 12 57 10 10 11 61 11 61 11 61 10 10 11 61 11 61 11 61 11 61 11 61 11 10 10 11 61 11 61 11 61 10 10 56 12 57 10 10 11 61 11 61 11 61 11 61 11 
11 61 11 61 11 61 11 61 14 18 12 12 12 12 12 12 12 12 12 12 12 12 12 12 12 12 12 12 12 12 12 12 12 12 12 12 12 13 13 14 13 13 13 11 61 11 61 11 61 11 10 10 56 12 57 10 10 11 61 62 63 62 63 10 10 62 63 62 63 11 61 11 63 62 63 62 10 10 62 63 62 63 11 61 10 10 56 12 57 10 10 11 61 11 61 11 61 11 61 11 
11 61 11 61 11 61 11 61 14 18 12 18 18 18 18 18 18 18 18 18 18 18 18 12 12 12 18 18 18 18 18 18 12 18 18 18 13 13 13 14 13 13 11 61 11 61 11 61 11 61 10 10 56 12 57 10 10 11 61 10 10 10 10 10 10 10 10 10 10 11 61 11 10 10 10 10 10 10 10 10 10 10 11 61 10 10 56 12 57 10 10 11 61 11 61 11 61 11 61 11 
11 61 11 61 11 61 11 61 14 18 12 18 48 49 48 49 48 49 48 49 48 49 17 12 12 12 18 48 49 48 49 18 12 18 18 13 13 13 10 14 11 61 11 61 11 61 11 61 11 61 10 10 56 12 57 10 10 11 61 10 10 10 10 10 10 10 10 10 10 11 61 11 10 10 10 10 10 10 10 10 10 10 11 61 10 10 56 12 57 10 10 11 61 11 61 11 61 11 61 11 
11 61 11 61 11 61 11 61 14 18 12 18 50 51 50 51 50 51 50 51 50 51 53 12 12 12 18 50 51 50 51 18 12 18 13 13 13 10 10 14 11 61 11 61 11 61 11 61 11 61 10 10 56 12 57 10 10 11 61 10 10 10 10 10 10 10 10 10 10 11 61 11 10 10 10 10 10 10 10 10 10 10 11 61 10 10 56 12 57 10 10 11 61 11 61 11 61 11 61 11 
11 61 11 61 11 61 11 61 14 18 12 12 12 12 12 12 12 12 12 12 12 12 12 12 12 12 12 12 12 12 12 12 12 31 31 31 10 10 10 14 11 61 11 61 11 61 11 61 11 61 10 10 56 12 57 10 10 11 61 10 10 10 10 10 10 10 10 10 10 11 61 11 10 10 10 10 10 10 10 10 10 10 11 61 10 10 56 12 57 10 10 11 61 11 61 11 61 11 61 11 
11 61 11 61 11 61 11 61 14 18 12 18 18 18 18 18 18 18 18 18 18 18 18 12 12 12 18 18 18 18 18 18 13 13 13 10 10 10 10 14 11 61 11 61 11 61 11 61 11 61 10 10 56 12 57 10 10 11 61 10 10 10 10 10 10 10 10 10 10 11 61 11 10 10 10 10 10 10 10 10 10 10 11 61 10 10 56 12 57 10 10 11 61 11 61 11 61 11 61 11 
11 61 11 61 11 61 11 61 14 18 12 18 18 34 35 36 37 38 39 40 48 49 18 12 12 12 18 48 49 18 18 13 13 13 10 10 10 10 10 14 11 61 11 61 11 61 11 61 11 61 10 10 56 12 57 10 10 11 61 10 10 10 10 10 10 10 10 10 10 11 61 11 10 10 10 10 10 10 10 10 10 10 11 61 10 10 56 12 57 10 10 11 61 11 61 11 61 11 61 11 
11 61 11 61 11 61 11 61 14 18 12 18 18 41 42 43 44 45 46 47 50 51 18 12 12 12 18 50 51 18 18 13 13 13 10 10 10 10 10 14 11 61 11 61 11 61 11 61 11 61 10 10 56 12 57 10 10 11 61 10 10 10 10 10 10 10 10 10 10 11 61 11 10 10 10 10 10 10 10 10 10 10 11 61 10 10 56 12 57 10 10 11 61 11 61 11 61 11 61 11 
11 61 11 61 11 61 11 61 14 18 12 12 12 12 12 12 12 12 12 12 12 12 12 12 12 12 12 12 12 12 12 31 31 31 10 10 10 10 10 14 11 61 11 61 11 61 11 61 11 61 10 10 56 12 57 10 10 11 61 11 61 11 61 11 61 11 61 11 61 11 61 11 61 11 61 11 10 10 11 61 11 61 11 61 10 10 56 12 57 10 10 11 61 11 61 11 61 11 61 11 
11 61 11 61 11 61 11 61 14 18 12 18 18 18 18 18 18 18 18 18 18 18 18 12 12 12 18 18 18 18 18 18 13 13 10 10 10 10 10 14 11 61 11 61 11 61 11 61 11 61 10 10 56 12 57 10 10 11 61 11 61 11 61 11 61 11 61 11 61 11 61 11 61 11 61 11 10 10 11 61 11 61 11 61 10 10 56 12 57 10 10 11 61 11 61 11 61 11 61 11 
11 61 11 61 11 61 11 61 14 18 12 18 18 34 35 36 37 38 39 40 48 49 18 12 12 12 18 48 49 48 49 18 13 13 10 10 10 10 10 14 11 61 11 61 11 61 11 61 11 61 10 10 56 12 57 10 10 11 61 62 63 62 63 62 63 62 63 62 63 11 61 11 63 62 63 62 10 10 62 63 62 63 11 61 10 10 56 12 57 10 10 11 61 11 61 11 61 11 61 11  
11 61 11 61 11 61 11 61 14 18 12 18 18 41 42 43 44 45 46 47 50 51 18 12 12 12 18 50 51 50 51 18 13 13 10 10 10 10 10 14 11 61 11 61 11 61 11 61 11 61 10 10 56 12 57 10 10 11 61 10 10 10 10 10 10 10 10 10 10 11 61 11 10 10 10 10 10 10 10 10 10 10 11 61 10 10 56 12 57 10 10 11 61 11 61 11 61 11 61 11  
11 61 11 61 11 61 11 61 14 18 12 12 12 12 12 12 12 12 12 12 12 12 12 12 12 12 12 12 12 12 12 12 31 31 10 10 10 10 10 14 11 61 11 61 11 61 11 61 11 61 10 10 56 12 57 10 10 11 61 10 10 10 10 10 10 10 10 10 10 11 61 11 10 10 10 10 10 10 10 10 10 10 11 61 10 10 56 12 57 10 10 11 61 11 61 11 61 11 61 11  
11 61 11 61 11 61 11 61 14 18 12 18 18 18 18 18 18 18 18 18 18 18 18 12 12 12 18 18 18 18 18 18 13 13 10 10 10 10 10 14 11 61 11 61 11 61 11 61 11 61 10 10 56 12 57 10 10 11 61 10 10 10 10 10 10 10 10 10 10 62 63 62 10 10 10 10 10 10 10 10 10 10 62 63 10 10 56 12 57 10 10 11 61 11 61 11 61 11 61 11 
11 61 11 61 11 61 11 61 14 18 12 18 18 34 35 36 37 38 39 40 48 49 18 12 12 12 18 48 49 48 49 18 13 13 10 10 10 10 10 14 11 61 11 61 11 61 11 61 11 61 10 10 56 12 57 10 10 11 61 10 10 10 10 10 10 10 10 10 10 10 10 10 10 10 10 10 10 10 10 10 10 10 10 10 10 10 56 12 57 10 10 11 61 11 61 11 61 11 61 11 
11 61 11 61 11 61 11 61 14 18 12 18 18 41 42 43 44 45 46 47 50 51 18 12 12 12 18 50 51 50 51 18 13 13 10 10 10 10 10 14 11 61 11 61 11 61 11 61 11 61 10 10 56 12 57 10 10 11 61 10 10 10 10 10 10 10 10 10 10 10 10 10 10 10 10 10 10 10 10 10 10 10 10 10 10 10 56 12 57 10 10 11 61 11 61 11 61 11 61 11 
11 61 11 61 11 61 11 61 14 18 12 12 12 12 12 12 12 12 12 12 12 12 12 12 12 12 12 12 12 12 12 31 31 10 10 10 10 10 10 14 11 61 11 61 11 61 11 61 11 61 10 10 56 12 57 10 10 11 61 10 10 10 10 10 10 10 10 10 10 11 61 11 10 10 10 10 10 10 10 10 10 10 11 61 10 10 56 12 57 10 10 11 61 11 61 11 61 11 61 11  
11 61 11 61 11 61 11 61 14 18 12 18 18 18 18 18 18 18 18 18 18 18 18 12 12 12 18 18 18 18 18 13 13 10 10 10 10 10 10 14 11 61 11 61 11 61 11 61 11 61 10 10 56 12 57 10 10 11 61 10 10 10 10 10 10 10 10 10 10 11 61 11 10 10 10 10 10 10 10 10 10 10 11 61 10 10 56 12 57 10 10 11 61 11 61 11 61 11 61 11 
11 61 11 61 11 61 11 61 14 18 12 18 18 34 35 36 37 38 39 40 48 49 18 12 12 12 18 48 49 48 49 13 13 10 10 10 10 10 10 14 11 61 11 61 11 61 11 61 11 61 10 10 56 12 57 10 10 11 61 10 10 10 10 10 10 10 10 10 10 11 61 11 10 10 10 10 10 10 10 10 10 10 11 61 10 10 56 12 57 10 10 11 61 11 61 11 61 11 61 11 
11 61 11 61 11 61 11 61 14 18 12 18 18 41 42 43 44 45 46 47 50 51 18 12 12 12 18 50 51 50 51 13 13 10 10 10 10 10 10 14 11 61 11 61 11 61 11 61 11 61 10 10 56 12 57 10 10 11 61 11 61 11 61 11 61 11 61 11 61 11 61 11 61 11 61 10 10 10 10 11 61 11 61 11 10 10 56 12 57 10 10 11 61 11 61 11 61 11 61 11 
11 61 11 61 11 61 11 61 14 18 12 12 12 12 12 12 12 12 12 12 12 12 12 12 12 12 12 12 12 12 12 31 31 10 10 10 10 10 10 14 11 61 11 61 11 61 11 61 11 61 10 10 56 60 57 10 10 11 61 11 61 11 61 11 61 11 61 11 61 11 61 11 61 11 61 10 10 10 10 11 61 11 61 11 10 10 56 12 57 10 10 11 61 11 61 11 61 11 61 11 
11 61 11 61 11 61 11 61 14 18 12 18 18 18 18 18 18 18 18 18 18 18 18 12 12 12 18 18 18 18 13 13 10 10 10 10 10 10 10 14 11 61 11 61 11 61 11 61 11 61 10 10 56 12 57 10 10 11 61 11 61 11 61 11 61 62 63 62 63 62 63 62 63 62 63 10 10 10 10 11 61 11 61 11 10 10 56 12 57 10 10 11 61 11 61 11 61 11 61 11 
11 61 11 61 11 61 11 61 14 18 12 18 48 49 48 49 48 49 48 49 48 49 17 12 12 12 18 48 49 17 13 13 10 10 10 10 10 10 10 14 11 61 11 61 11 61 11 61 11 61 10 10 56 12 57 10 10 11 61 11 61 11 61 11 61 10 10 10 10 10 10 10 10 10 10 10 10 10 10 11 61 11 61 11 10 10 56 12 57 10 10 11 61 11 61 11 61 11 61 11 
11 61 11 61 11 61 11 61 14 18 12 18 50 51 50 51 50 51 50 51 50 51 53 12 12 12 18 50 51 53 13 13 10 10 10 10 10 10 10 14 11 61 11 61 11 61 11 61 11 61 10 10 56 60 57 10 10 11 61 11 61 11 61 11 61 10 10 10 10 10 10 10 10 10 10 10 10 10 10 11 61 11 61 11 10 10 56 12 57 10 10 11 61 11 61 11 61 11 61 11 
11 61 11 61 11 61 11 61 14 18 12 12 12 12 12 12 12 12 12 12 12 12 12 12 12 12 12 12 12 12 12 31 31 10 10 10 10 10 10 14 11 61 11 61 11 61 11 61 11 61 10 10 56 12 57 10 10 11 61 11 61 11 61 11 61 10 10 10 10 10 10 10 10 10 10 10 10 10 10 11 61 11 61 11 10 10 56 12 57 10 10 11 61 11 61 11 61 11 61 11 
11 61 11 61 11 61 11 61 14 18 12 18 18 18 18 18 18 18 18 18 18 18 18 12 12 12 18 18 18 18 18 18 13 13 10 10 10 10 10 14 11 61 11 61 11 61 11 61 11 61 10 10 56 12 57 10 10 11 61 11 61 11 61 11 61 10 10 10 10 10 10 10 10 10 10 10 10 10 10 11 61 11 61 11 10 10 56 12 57 10 10 11 61 11 61 11 61 11 61 11  
11 61 11 61 11 61 11 61 14 18 12 18 18 34 35 36 37 38 39 40 48 49 18 12 12 12 18 48 49 17 18 18 18 13 13 10 10 10 10 14 11 61 11 61 11 61 11 61 11 61 10 10 56 12 57 10 10 11 61 11 61 11 61 11 61 10 10 10 10 10 10 10 10 10 10 10 10 10 10 11 61 11 61 11 10 10 56 12 57 10 10 11 61 11 61 11 61 11 61 11 
11 61 11 61 11 61 11 61 14 18 12 18 18 41 42 43 44 45 46 47 50 51 18 12 12 12 18 50 51 53 18 18 18 18 13 13 10 10 10 14 11 61 11 61 11 61 11 61 11 61 10 10 56 12 57 10 10 11 61 11 61 11 61 11 61 10 10 10 10 10 10 10 10 10 10 10 10 10 10 11 61 11 61 11 10 10 56 12 57 10 10 11 61 11 61 11 61 11 61 11 
11 61 11 61 11 61 11 61 14 18 12 12 12 12 12 12 12 12 12 12 12 12 12 12 12 12 12 12 12 12 12 12 12 12 31 31 10 10 10 14 11 61 11 61 11 61 11 61 11 61 10 10 56 12 57 10 10 11 61 11 61 11 61 11 61 10 10 10 10 10 10 10 10 10 10 10 10 10 10 11 61 11 61 11 10 10 56 12 57 10 10 11 61 11 61 11 61 11 61 11 
11 61 11 61 11 61 11 61 14 18 12 18 18 18 18 18 18 18 18 18 18 18 18 12 12 12 18 18 18 18 18 18 18 18 18 13 13 10 10 14 11 61 11 61 11 61 11 61 11 61 10 10 56 60 57 10 10 11 61 11 61 11 61 11 61 10 10 10 10 10 10 10 10 10 10 10 10 10 10 11 61 11 61 11 10 10 56 12 57 10 10 11 61 11 61 11 61 11 61 11 
11 61 11 61 11 61 11 61 14 18 12 18 18 34 35 36 37 38 39 40 48 49 18 12 12 12 18 34 35 36 37 38 39 40 18 13 13 10 10 14 11 61 11 61 11 61 11 61 11 61 10 10 56 12 57 10 10 11 61 11 61 11 61 11 61 10 10 10 10 10 10 10 10 10 10 10 10 10 10 11 61 11 61 11 10 10 56 12 57 10 10 11 61 11 61 11 61 11 61 11 
11 61 11 61 11 61 11 61 14 18 12 18 18 41 42 43 44 45 46 47 50 51 18 12 12 12 18 41 42 43 44 45 46 47 18 13 13 10 10 14 11 61 11 61 11 61 11 61 11 61 10 10 56 12 57 10 10 11 61 11 61 11 61 11 61 10 10 10 10 10 10 10 10 10 10 10 10 10 10 11 61 11 61 11 10 10 56 12 57 10 10 11 61 11 61 11 61 11 61 11  
11 61 11 61 11 61 11 61 14 18 12 12 12 12 12 12 12 12 12 12 12 12 12 12 12 12 12 12 12 12 12 12 12 12 31 31 10 10 10 14 11 61 11 61 11 61 11 61 11 61 10 10 56 12 57 10 10 11 61 11 61 11 61 11 61 10 10 10 10 10 10 10 10 10 10 10 10 10 10 11 61 11 61 11 10 10 56 12 57 10 10 11 61 11 61 11 61 11 61 11  
11 61 11 61 11 61 11 61 14 18 12 12 12 12 12 12 12 12 12 12 12 12 12 12 12 12 10 10 10 10 10 10 10 10 13 13 10 10 10 14 11 61 11 61 11 61 11 61 11 61 10 10 56 12 57 10 10 11 61 11 61 11 61 11 61 10 10 10 10 10 10 10 10 10 10 10 10 10 10 11 61 11 61 11 10 10 56 12 57 10 10 11 61 11 61 11 61 11 61 11  
11 61 11 61 11 61 11 61 14 18 12 11 61 11 61 11 61 11 61 11 61 11 61 12 12 12 10 10 10 10 10 10 10 10 13 13 10 10 10 14 11 61 11 61 11 61 11 61 11 61 10 10 56 12 57 10 10 11 61 11 61 11 61 11 61 10 10 10 10 10 10 10 10 10 10 10 10 10 10 11 61 11 61 11 10 10 56 12 57 10 10 11 61 11 61 11 61 11 61 11 
11 61 11 61 11 61 11 61 14 18 12 11 61 62 63 62 63 62 63 62 63 11 61 12 12 12 10 10 10 10 10 10 10 10 13 13 10 10 10 14 11 61 11 61 11 61 11 61 11 61 10 10 56 12 57 10 10 11 61 11 61 11 61 11 61 10 10 10 10 10 10 10 10 10 10 10 10 10 10 11 61 11 61 11 10 10 56 12 57 10 10 11 61 11 61 11 61 11 61 11 
11 61 11 61 11 61 11 61 14 18 12 11 61 58 10 10 10 59 10 10 10 11 61 12 12 12 10 10 10 10 10 10 10 10 13 13 10 10 10 14 11 61 11 61 11 61 11 61 11 61 10 10 56 12 57 10 10 11 61 11 61 11 61 11 61 10 10 10 10 10 10 10 10 10 10 10 10 10 10 11 61 11 61 11 10 10 56 12 57 10 10 11 61 11 61 11 61 11 61 11 
11 61 11 61 11 61 11 61 14 18 12 11 61 10 54 54 54 54 54 58 10 11 61 12 12 12 10 10 10 10 10 10 10 13 13 10 10 10 10 14 11 61 11 61 11 61 11 61 11 61 10 10 56 12 57 10 10 11 61 11 61 11 61 11 61 10 10 10 10 10 10 10 10 10 10 10 10 10 10 11 61 11 61 11 10 10 56 12 57 10 10 11 61 11 61 11 61 11 61 11 
11 61 11 61 11 61 11 61 14 18 12 11 61 10 54 54 54 54 54 10 10 11 61 12 12 12 10 10 10 10 10 10 10 13 13 10 10 10 10 14 11 61 11 61 11 61 11 61 11 61 10 10 56 12 57 10 10 11 61 11 61 11 61 11 61 10 10 11 61 11 61 11 61 11 61 11 61 11 61 11 61 11 61 11 10 10 56 12 57 10 10 11 61 11 61 11 61 11 61 11 
11 61 11 61 11 61 11 61 14 18 12 11 61 10 54 54 54 54 54 10 10 11 61 12 12 12 10 10 10 10 10 10 10 13 13 10 10 10 10 14 11 61 11 61 11 61 11 61 11 61 10 10 56 12 57 10 10 11 61 11 61 11 61 11 61 10 10 11 61 11 61 11 61 11 61 11 61 11 61 11 61 11 61 11 10 10 56 12 57 10 10 11 61 11 61 11 61 11 61 11 
11 61 11 61 11 61 11 61 14 18 12 11 61 10 54 58 10 10 54 58 10 11 61 12 12 12 10 10 10 10 10 10 10 10 13 13 10 10 10 14 11 61 11 61 11 61 11 61 11 61 10 10 56 60 57 10 10 11 61 11 61 11 61 11 61 10 10 62 63 62 63 62 63 62 63 62 63 62 63 11 61 11 61 11 10 10 56 12 57 10 10 11 61 11 61 11 61 11 61 11 
11 61 11 61 11 61 11 61 14 18 12 11 61 59 54 10 55 58 54 10 10 11 61 12 12 12 10 10 10 10 10 10 10 10 13 13 10 10 10 14 11 61 11 61 11 61 11 61 11 61 10 10 56 60 57 10 10 11 61 11 61 11 61 11 61 10 10 10 10 10 10 10 10 10 10 10 10 10 10 11 61 11 61 11 10 10 56 12 57 10 10 11 61 11 61 11 61 11 61 11  
11 61 11 61 11 61 11 61 14 18 12 11 61 10 54 10 10 10 54 59 10 11 61 12 12 12 12 12 12 12 12 12 12 12 31 31 31 10 10 14 11 61 11 61 11 61 11 61 11 61 10 10 56 12 57 10 10 11 61 11 61 11 61 11 61 10 10 10 10 10 10 10 10 10 10 10 10 10 10 11 61 11 61 11 10 10 56 12 57 10 10 11 61 11 61 11 61 11 61 11 
11 61 11 61 11 61 11 61 14 18 12 11 61 10 54 54 54 54 54 10 10 11 61 12 12 12 18 18 18 18 18 18 18 18 18 13 13 13 10 14 11 61 11 61 11 61 11 61 11 61 10 10 56 12 57 10 10 11 61 11 61 11 61 11 61 10 10 10 10 10 10 10 10 10 10 10 10 10 10 11 61 11 61 11 10 10 56 12 57 10 10 11 61 11 61 11 61 11 61 11 
11 61 11 61 11 61 11 61 14 18 12 11 61 10 54 54 54 54 54 59 58 11 61 12 12 12 18 34 35 36 37 38 39 40 18 18 13 13 13 14 13 11 61 11 61 11 61 11 61 11 10 10 56 12 57 10 10 11 61 11 61 11 61 11 61 10 10 10 10 10 10 10 10 10 10 10 10 10 10 62 63 62 63 62 10 10 56 12 57 10 10 11 61 11 61 11 61 11 61 11 
11 61 11 61 11 61 11 61 14 18 12 11 61 10 58 10 10 10 10 10 10 62 63 12 12 12 18 41 42 43 44 45 46 47 18 18 18 13 13 14 13 13 11 61 11 61 11 61 11 61 10 10 56 60 57 10 10 11 61 11 61 11 61 11 61 10 10 10 10 10 10 10 10 10 10 10 10 10 10 10 10 10 10 10 10 10 56 12 57 10 10 11 61 11 61 11 61 11 61 11 
11 61 11 61 11 61 11 61 14 18 12 11 61 59 10 10 58 10 59 10 10 12 12 12 12 12 12 12 12 12 12 12 12 12 12 12 12 12 13 14 13 13 13 11 61 11 61 11 61 11 10 10 56 12 57 58 10 11 61 11 61 11 61 11 61 10 10 10 10 10 10 10 10 10 10 10 10 10 10 10 10 10 10 10 10 10 56 12 57 10 10 11 61 11 61 11 61 11 61 11 
11 61 11 61 11 61 11 61 14 18 12 11 61 10 10 58 10 59 58 59 10 12 12 12 12 12 18 18 18 18 18 18 18 18 18 18 18 18 18 14 11 13 13 13 11 61 11 61 11 61 10 10 56 12 57 10 58 11 61 11 61 11 61 11 61 10 10 10 10 10 10 10 10 10 10 10 10 10 10 11 61 11 61 11 10 10 56 12 57 10 10 11 61 11 61 11 61 11 61 11 
11 61 11 61 11 61 11 61 14 18 12 11 61 11 61 11 61 11 61 11 61 11 61 12 12 12 18 34 35 36 37 38 39 40 48 49 18 18 18 14 11 61 13 13 13 11 61 11 61 11 10 10 56 12 57 10 10 11 61 11 61 11 61 11 61 10 10 10 10 10 10 10 10 10 10 10 10 10 10 11 61 11 61 11 10 10 56 12 57 10 10 11 61 11 61 11 61 11 61 11 
11 61 11 61 11 61 11 61 14 18 12 62 63 62 63 62 63 62 63 62 63 62 63 12 12 12 18 41 42 43 44 45 46 47 50 51 18 18 18 14 11 61 11 13 13 13 11 61 11 61 10 10 56 12 57 58 10 11 61 11 61 11 61 11 61 11 61 11 61 11 61 11 61 11 61 11 61 11 61 11 61 11 61 11 10 10 56 12 57 10 10 11 61 11 61 11 61 11 61 11 
11 61 11 61 11 61 11 61 14 18 12 12 12 12 12 12 12 12 12 12 12 12 12 12 12 12 12 12 12 12 12 12 12 12 12 12 12 12 18 14 11 61 11 61 13 13 11 61 11 61 10 10 56 12 57 10 10 11 61 11 61 11 61 11 61 11 61 11 61 11 61 11 61 11 61 11 61 11 61 11 61 11 61 11 10 10 56 12 57 10 10 11 61 11 61 11 61 11 61 11 
11 61 11 61 11 61 11 61 14 18 18 18 18 18 18 18 18 18 18 18 18 18 18 12 12 12 18 18 18 18 18 18 18 18 18 18 18 18 18 14 11 61 11 61 13 13 11 61 11 61 10 10 56 12 57 10 10 11 61 11 61 11 61 11 61 11 61 11 61 11 61 11 61 11 61 11 61 11 61 11 61 11 61 11 10 10 56 12 57 10 10 11 61 11 61 11 61 11 61 11 
11 61 11 61 11 61 11 61 14 14 14 14 14 14 14 14 14 14 14 14 14 14 14 12 12 12 14 14 14 14 14 14 14 14 14 14 14 14 14 14 11 61 11 61 11 13 13 11 61 11 10 10 56 12 57 10 10 11 61 11 61 11 61 11 61 11 61 11 61 11 61 11 61 11 61 11 61 11 61 11 61 11 61 11 10 10 56 12 57 10 10 11 61 11 61 11 61 11 61 11 
11 11 61 11 61 11 61 11 61 11 61 11 61 11 61 11 61 11 61 11 61 10 10 56 12 57 10 10 11 61 11 61 11 61 11 61 11 61 11 61 11 61 11 61 13 13 11 61 11 61 10 10 56 12 57 10 10 11 61 11 61 11 61 11 61 11 61 14 14 14 14 14 14 14 14 14 14 14 14 14 14 14 14 58 10 10 56 12 57 10 10 11 61 11 61 11 61 11 61 11 
11 11 61 11 61 11 61 11 61 11 61 11 61 11 61 11 61 11 61 11 61 10 10 56 12 57 10 10 11 61 11 61 11 61 11 61 11 61 11 61 11 61 11 13 13 11 61 11 61 11 10 10 56 60 57 10 10 11 61 11 61 11 61 11 61 11 61 14 13 13 13 13 13 13 13 13 13 13 13 13 13 13 14 10 10 10 56 12 57 10 10 11 61 11 61 11 61 11 61 11 
11 11 61 11 61 11 61 11 61 11 61 11 61 11 61 11 61 11 61 11 61 10 10 56 12 57 59 10 11 61 11 61 11 61 11 61 11 61 11 61 11 61 13 13 13 11 61 11 61 11 10 10 56 12 57 10 10 11 61 11 61 11 61 11 61 11 61 14 13 13 13 13 13 13 13 13 13 13 13 13 13 13 14 10 10 10 56 12 57 10 10 11 61 11 61 11 61 11 61 11 
11 11 61 11 61 11 61 11 61 11 61 11 61 11 61 11 61 11 61 11 61 59 10 56 12 57 10 10 11 61 11 61 11 61 11 61 11 61 11 61 11 61 13 13 13 11 61 11 61 11 10 10 56 60 57 10 10 11 61 11 61 11 61 11 61 11 61 14 13 13 13 13 13 13 13 13 13 13 13 13 13 13 14 10 64 64 12 12 57 10 10 11 61 11 61 11 61 11 61 11 
11 11 61 11 61 11 61 11 61 11 61 11 61 11 61 11 61 11 61 11 61 10 10 56 60 57 59 10 11 61 11 61 11 61 11 61 11 61 11 61 11 61 11 13 13 13 11 61 11 61 10 10 56 12 57 10 58 11 61 11 61 11 61 11 61 12 12 12 12 12 12 12 12 12 12 12 12 12 12 12 12 12 12 12 12 12 12 12 57 10 10 11 61 11 61 11 61 11 61 11 
11 11 61 11 61 11 61 11 61 11 61 11 61 11 61 11 61 11 61 11 61 10 10 56 12 57 10 10 11 61 11 61 11 61 11 61 11 61 11 61 11 61 11 13 13 13 11 61 11 61 10 10 56 60 57 10 10 11 61 11 61 11 61 11 61 12 12 14 13 13 13 13 13 13 13 13 13 13 13 13 13 13 14 10 65 65 65 65 57 10 10 11 61 11 61 11 61 11 61 11 
11 11 61 11 61 11 61 11 61 11 61 11 61 11 61 11 61 11 61 11 61 59 10 56 12 57 10 10 11 61 11 61 11 61 11 61 11 61 11 61 11 61 11 13 13 13 11 61 11 61 10 10 56 12 57 10 10 11 61 11 61 11 61 11 61 12 12 14 13 13 13 13 13 13 13 13 13 13 13 13 13 13 14 10 10 10 10 10 10 10 10 11 61 11 61 11 61 11 61 11 
11 11 61 11 61 11 61 11 61 11 61 11 61 11 61 11 61 11 61 11 61 10 10 56 12 57 10 10 11 61 11 61 11 61 11 61 11 61 11 61 11 61 11 61 13 13 13 11 61 11 58 10 56 12 57 10 10 11 61 11 61 11 61 11 61 12 12 14 13 13 13 13 13 13 13 13 13 13 13 13 13 13 14 11 61 11 61 11 61 11 61 11 61 11 61 11 61 11 61 11 
11 11 61 11 61 11 61 11 61 11 61 11 61 11 61 11 61 11 61 11 61 10 10 56 12 57 59 10 11 61 11 61 11 61 11 61 11 61 11 61 11 61 11 61 11 13 13 13 11 61 10 10 56 12 57 58 10 11 61 11 61 11 61 11 61 12 12 14 14 14 14 14 14 14 14 14 14 14 14 14 14 14 14 11 61 11 61 11 61 11 61 11 61 11 61 11 61 11 61 11 
11 11 61 11 61 11 61 11 61 11 61 11 61 11 61 11 61 11 61 11 61 10 59 56 12 57 10 10 11 61 11 61 11 61 11 61 11 61 11 61 11 61 11 61 11 13 13 11 61 11 10 10 56 12 57 10 10 11 61 11 61 11 61 11 61 12 12 11 61 11 61 11 61 11 61 11 61 11 61 11 61 11 61 11 61 11 61 11 61 11 61 11 61 11 61 11 61 11 61 11 
11 11 61 11 61 11 61 11 61 11 61 11 61 11 61 11 61 11 61 11 61 10 10 56 60 57 10 59 11 61 11 61 11 61 11 61 11 61 11 61 11 61 11 61 11 13 13 11 61 11 10 58 56 12 57 10 10 11 61 11 61 11 61 11 61 12 12 11 61 11 61 11 61 11 61 11 61 11 61 11 61 11 61 11 61 11 61 11 61 11 61 11 61 11 61 11 61 11 61 11 
11 11 61 11 61 11 61 11 61 11 61 11 61 11 61 11 61 11 61 11 61 59 10 56 12 57 10 10 11 61 11 61 11 61 11 61 11 61 11 61 11 61 11 61 11 61 13 13 11 61 10 10 56 60 57 10 10 11 61 11 61 11 61 11 61 12 12 11 61 11 61 11 61 11 61 11 61 11 61 11 61 11 61 11 61 11 61 11 61 11 61 11 61 11 61 11 61 11 61 11 
11 11 61 11 61 11 61 11 61 11 61 11 61 11 61 11 61 11 61 11 61 10 10 56 12 57 59 10 11 61 11 61 11 61 11 61 11 61 11 61 11 61 11 61 11 61 13 13 11 61 10 10 56 12 57 10 10 11 61 11 61 11 61 11 61 12 12 11 61 11 61 11 61 11 61 11 61 11 61 11 61 11 61 11 61 11 61 11 61 11 61 11 61 11 61 11 61 11 61 11 
11 11 61 11 61 11 61 11 61 11 61 11 61 11 61 11 61 11 61 11 61 10 10 56 12 57 10 10 11 61 11 61 11 61 11 61 11 61 11 61 11 61 11 61 11 61 13 13 11 61 58 10 56 12 57 58 10 11 61 11 61 11 61 11 61 12 12 11 61 11 61 11 61 11 61 11 61 11 61 11 61 11 61 11 61 11 61 11 61 11 61 11 61 11 61 11 61 11 61 11 
11 11 61 11 61 11 61 11 61 11 61 11 61 11 61 11 61 11 61 11 61 58 10 56 12 57 10 59 11 61 11 61 11 61 11 61 11 61 11 61 11 61 11 61 11 13 13 11 61 11 10 58 56 12 57 10 10 11 61 11 61 11 61 11 61 12 12 62 63 62 63 62 63 62 63 62 63 62 63 62 63 62 63 62 63 62 63 62 63 62 63 11 61 11 61 11 61 11 61 11 
11 11 61 11 61 11 61 11 61 11 61 11 61 11 61 11 61 11 61 11 61 10 59 56 60 57 10 10 11 61 11 61 11 61 11 61 11 61 11 61 11 61 11 61 11 13 13 11 61 11 58 10 56 12 57 10 10 11 61 11 61 11 61 11 61 12 12 10 10 10 10 10 10 10 10 10 10 10 10 10 10 10 10 10 10 10 10 10 10 10 10 11 61 11 61 11 61 11 61 11 
11 11 61 11 61 11 61 11 61 11 61 11 61 11 61 11 61 11 61 11 61 10 10 56 12 57 59 10 11 61 11 61 11 61 11 61 11 61 11 61 11 61 11 61 11 61 13 13 11 61 10 10 56 60 57 10 10 11 61 11 61 11 61 11 61 12 12 12 12 12 12 12 12 12 12 12 12 12 12 12 12 12 12 12 12 12 12 12 12 10 10 11 61 11 61 11 61 11 61 11 
11 11 61 11 61 11 61 11 61 11 61 11 61 11 61 11 61 11 61 11 61 59 10 56 12 57 10 10 11 61 11 61 11 61 11 61 11 61 11 61 11 61 11 61 11 61 13 13 11 61 58 10 56 12 57 10 58 11 61 11 61 11 61 11 61 12 12 12 12 12 12 12 12 12 12 12 12 12 12 12 12 12 12 12 12 12 12 12 12 10 10 11 61 11 61 11 61 11 61 11 
11 11 61 11 61 11 61 11 61 11 61 11 61 11 61 11 61 11 61 11 61 10 58 56 60 57 10 10 62 63 62 63 62 63 62 63 62 63 62 63 62 63 62 63 62 13 13 59 62 63 10 10 56 12 57 58 10 11 61 11 61 11 61 11 61 12 12 12 12 12 12 12 12 12 12 12 12 12 12 12 12 12 12 12 12 12 12 12 12 10 10 11 61 11 61 11 61 11 61 11 
11 11 61 11 61 11 61 11 61 11 61 11 61 11 61 11 61 11 61 11 61 10 10 56 12 57 10 59 10 10 10 10 59 10 10 10 59 10 10 58 10 10 10 10 13 13 10 10 10 58 10 10 56 12 57 10 10 11 61 11 61 11 61 11 61 12 12 12 12 12 12 12 12 12 12 12 12 12 12 12 12 12 12 12 12 12 12 12 12 10 10 11 61 11 61 11 61 11 61 11 
11 11 61 11 61 11 61 11 61 11 61 11 61 11 61 11 61 11 61 11 61 58 10 56 12 12 64 64 64 64 64 64 64 64 64 64 64 64 64 64 64 64 31 31 31 64 64 64 64 64 64 64 12 12 57 10 58 11 61 11 61 11 61 11 61 12 12 12 12 12 12 12 12 12 12 12 12 12 12 12 12 12 12 12 12 12 12 12 12 10 10 11 61 11 61 11 61 11 61 11 
11 11 61 11 61 11 61 11 61 11 61 11 61 11 61 11 61 11 61 11 61 10 59 56 12 12 12 60 12 12 12 60 12 12 12 60 12 12 60 12 60 12 32 32 32 12 12 12 12 60 12 12 12 60 57 10 10 11 61 11 61 11 61 11 61 12 12 12 12 12 12 12 12 12 12 12 12 12 12 12 12 12 12 12 12 12 12 12 12 10 10 11 61 11 61 11 61 11 61 11 
11 11 61 11 61 11 61 11 61 11 61 11 61 11 61 11 61 11 61 11 61 59 10 65 65 65 65 65 65 65 65 65 65 65 65 65 65 65 65 65 65 65 33 33 33 65 65 65 65 65 65 65 65 65 65 10 10 11 61 11 61 11 61 11 61 12 12 12 12 12 12 12 12 12 12 12 12 12 12 12 12 12 12 12 12 12 12 12 12 10 10 11 61 11 61 11 61 11 61 11 
11 11 61 11 61 11 61 11 61 11 61 11 61 11 61 11 61 11 61 11 61 10 10 10 59 10 10 59 10 10 10 10 59 10 58 10 58 10 10 10 10 13 13 10 58 10 10 10 10 58 10 10 58 10 10 10 10 61 11 61 11 61 11 61 11 12 12 12 12 12 12 12 12 12 12 12 12 12 12 12 12 12 12 12 12 12 12 12 12 10 10 11 61 11 61 11 61 11 61 11 
11 61 11 61 11 61 11 61 11 61 11 61 11 61 11 61 11 61 11 61 11 61 11 61 11 61 11 61 11 61 11 61 11 61 11 61 11 61 11 61 11 13 13 11 61 11 61 11 61 11 61 11 61 11 61 11 61 11 61 11 61 11 61 11 61 10 10 10 10 10 10 10 10 10 10 10 10 10 10 10 10 10 10 10 10 10 10 10 10 10 10 11 61 11 61 11 61 11 61 11 
11 61 11 61 11 61 11 61 11 61 11 61 11 61 11 61 11 61 11 61 11 61 11 61 11 61 11 61 11 61 11 61 11 61 11 61 11 61 11 61 11 61 13 13 11 61 11 61 11 61 11 61 11 61 11 61 11 61 11 61 11 61 11 61 11 61 11 61 11 61 11 61 11 61 11 61 11 61 11 61 11 61 11 61 11 61 11 61 11 61 11 61 11 61 11 61 11 61 11 61 
11 61 11 61 11 61 11 61 11 61 11 61 11 61 11 61 11 61 11 61 11 61 11 61 11 61 11 61 11 61 11 61 11 61 11 61 11 61 11 61 11 61 13 13 11 61 11 61 11 61 11 61 11 61 11 61 11 61 11 61 11 61 11 61 11 61 11 61 11 61 11 61 11 61 11 61 11 61 11 61 11 61 11 61 11 61 11 61 11 61 11 61 11 61 11 61 11 61 11 61 
11 61 11 61 11 61 11 61 19 19 19 19 19 19 19 19 19 19 19 19 19 19 19 19 19 19 19 19 19 19 19 19 19 19 19 19 19 19 19 19 11 13 13 11 61 11 61 11 61 11 61 11 61 11 61 11 61 11 61 11 61 11 61 11 61 11 61 11 61 11 61 11 61 11 61 11 61 11 61 11 61 11 61 11 61 11 61 11 61 11 61 11 61 11 61 11 61 11 61 11 
11 61 11 61 11 61 11 61 19 19 19 19 19 19 19 19 19 19 19 19 19 19 19 19 19 19 19 19 19 19 19 19 19 19 19 19 19 19 19 19 13 13 11 61 11 61 11 61 11 61 11 61 11 61 11 61 11 61 11 61 11 61 11 61 11 61 11 61 11 61 11 61 11 61 11 61 11 61 11 61 11 61 11 61 11 61 11 61 11 61 11 61 11 61 11 61 11 61 11 61 
11 61 11 61 11 61 11 61 19 19 19 19 19 19 19 19 19 19 19 19 19 19 19 19 19 19 19 19 19 19 19 19 19 19 19 19 19 19 19 13 13 11 61 11 61 11 61 11 61 11 61 11 61 11 61 11 61 11 61 11 61 11 61 11 61 11 61 11 61 11 61 11 61 11 61 11 61 11 61 11 61 11 61 11 61 11 61 11 61 11 61 11 61 11 61 11 61 11 61 11 
11 61 11 61 11 61 11 61 19 19 19 19 19 19 19 19 19 19 19 19 19 19 19 19 19 19 19 19 19 19 19 19 19 19 19 19 19 19 13 13 11 61 11 61 11 61 11 61 11 61 11 61 11 61 11 61 11 61 11 61 11 61 11 61 11 61 11 61 11 61 11 61 11 61 11 61 11 61 11 61 11 61 11 61 11 61 11 61 11 61 11 61 11 61 11 61 11 61 11 61 